	CBSH	CJJB	CJKS	CJSH	CKSH	CKYR	CKYS	CLSU	CPBS	CPDJ	CPKH	CSJH01	CSJH02	CSUH	EAHN	EJUN01	EJUN02	EJUN03	EJUN04	ESEL01	ESEL02	ESEL03	ESEL04	ESEL05	PBKS	PCMS	PDCS	PDSS	PHDS02	PJSS	PSCS	SCJM	SCNU01	SCNU02	SHYP02	SISL	SKDU01	SKDU06	SKDU07	SKDU10	SKIK	SKJC01	SKJC02	SKJC03	SKJY01	SKJY02	SKKS01	SKKS02	SKKS03	SKMU	SKNL	SKRU01	SKRU02	SKRU03	SKSU	SKYC	SLMS	SPSH01	SPSH02	SPSH03	SPSH04	SPSH06	SPSH07	SPSH09	SPSH10	SPSH11	SPSH12	SPSH13	SSDJ01	SSHK	SSJD02	SSJD03	SSJD04	SSJD05	SSJD06	SSKS	SSMY01	SSMY02	SSMY03	SSMY05	SSMY06	SSMY07	SYQL01
CBSH	0	1.0	0.38235294099999995	0.818181818	0.38235294099999995	1.0	0.542857143	0.976190476	1.0	0.566666667	1.0	0.333333333	0.979166667	0.897959184	1.0	1.0	1.0	0.983333333	0.984126984	1.0	1.0	1.0	1.0	1.0	0.44444444400000005	0.987012987	0.617647059	0.45945945899999996	1.0	0.987179487	0.8524590160000001	1.0	1.0	1.0	1.0	1.0	1.0	0.416666667	0.4	1.0	1.0	1.0	1.0	1.0	1.0	1.0	1.0	1.0	1.0	1.0	0.983333333	1.0	1.0	1.0	1.0	1.0	1.0	1.0	1.0	0.983333333	1.0	0.416666667	1.0	1.0	1.0	1.0	1.0	1.0	1.0	1.0	1.0	1.0	1.0	1.0	1.0	1.0	1.0	0.363636364	1.0	0.45945945899999996	1.0	0.984126984	1.0
CJJB	1.0	0	1.0	0.98	1.0	0.923076923	1.0	0.95	0.333333333	1.0	0.935483871	1.0	1.0	0.980769231	1.0	0.921052632	0.944444444	0.571428571	0.6	0.964285714	1.0	1.0	1.0	1.0	0.981481481	0.959459459	0.977777778	0.981818182	0.923076923	0.987012987	0.985294118	0.595238095	0.948717949	0.964285714	1.0	0.911764706	0.916666667	0.981818182	0.981481481	0.947368421	0.972972973	0.944444444	0.953488372	0.863636364	0.9375	0.953488372	0.944444444	0.9375	0.96969697	0.954545455	0.571428571	0.939393939	0.948717949	1.0	0.939393939	0.972972973	0.95	1.0	0.916666667	0.571428571	0.88372093	0.981818182	0.975	0.941176471	0.911111111	0.11538461499999997	0.941176471	0.606060606	1.0	0.945945946	0.976744186	1.0	0.942857143	0.975	0.928571429	1.0	0.975	1.0	0.916666667	0.981818182	0.939393939	0.6	0.9375
CJKS	0.38235294099999995	1.0	0	0.804347826	0.0	1.0	0.457142857	0.977777778	1.0	0.5625	1.0	0.12903225799999996	0.980392157	0.903846154	1.0	1.0	1.0	0.984126984	0.984848485	1.0	1.0	1.0	1.0	1.0	0.264705882	0.9875	0.611111111	0.235294118	1.0	0.987654321	0.876923077	1.0	0.977272727	1.0	1.0	1.0	0.976190476	0.181818182	0.15625	1.0	1.0	1.0	0.979166667	1.0	1.0	0.979166667	1.0	1.0	1.0	1.0	0.984126984	1.0	1.0	1.0	1.0	1.0	1.0	1.0	1.0	0.984126984	1.0	0.181818182	0.977272727	0.974358974	1.0	1.0	1.0	1.0	1.0	1.0	1.0	1.0	1.0	1.0	1.0	1.0	1.0	0.161290323	1.0	0.235294118	1.0	0.984848485	1.0
CJSH	0.818181818	0.98	0.804347826	0	0.804347826	1.0	0.785714286	0.951219512	0.977777778	0.771428571	1.0	0.804347826	0.979166667	0.41176470600000004	1.0	1.0	1.0	0.966101695	0.967741935	1.0	1.0	1.0	1.0	1.0	0.808510638	0.96	0.7948717949999999	0.8125	1.0	0.987179487	0.888888889	0.983050847	1.0	1.0	1.0	0.972972973	1.0	0.787234043	0.782608696	1.0	1.0	1.0	1.0	0.98	1.0	1.0	1.0	1.0	1.0	0.97826087	0.966101695	1.0	1.0	1.0	1.0	1.0	1.0	1.0	1.0	0.966101695	0.979166667	0.787234043	1.0	1.0	1.0	0.979591837	0.972222222	0.97826087	1.0	1.0	0.977272727	1.0	1.0	0.975609756	1.0	1.0	0.975609756	0.826086957	1.0	0.8125	1.0	0.967741935	1.0
CKSH	0.38235294099999995	1.0	0.0	0.804347826	0	1.0	0.457142857	0.977777778	1.0	0.5625	1.0	0.12903225799999996	0.980392157	0.903846154	1.0	1.0	1.0	0.984126984	0.984848485	1.0	1.0	1.0	1.0	1.0	0.264705882	0.9875	0.611111111	0.235294118	1.0	0.987654321	0.876923077	1.0	0.977272727	1.0	1.0	1.0	0.976190476	0.181818182	0.15625	1.0	1.0	1.0	0.979166667	1.0	1.0	0.979166667	1.0	1.0	1.0	1.0	0.984126984	1.0	1.0	1.0	1.0	1.0	1.0	1.0	1.0	0.984126984	1.0	0.181818182	0.977272727	0.974358974	1.0	1.0	1.0	1.0	1.0	1.0	1.0	1.0	1.0	1.0	1.0	1.0	1.0	0.161290323	1.0	0.235294118	1.0	0.984848485	1.0
CKYR	1.0	0.923076923	1.0	1.0	1.0	0	1.0	1.0	0.904761905	1.0	0.625	1.0	1.0	1.0	1.0	0.8125	0.769230769	0.914285714	0.921052632	1.0	1.0	1.0	1.0	1.0	1.0	0.942307692	1.0	1.0	0.8	1.0	1.0	0.911764706	0.8125	1.0	1.0	0.75	0.785714286	1.0	1.0	0.8	0.857142857	0.769230769	0.85	0.88	0.666666667	0.85	0.769230769	0.666666667	0.8	0.857142857	0.914285714	0.7	0.8125	1.0	0.7	0.857142857	0.823529412	1.0	0.785714286	0.914285714	0.869565217	1.0	0.882352941	0.727272727	0.875	0.92	0.727272727	0.857142857	1.0	0.785714286	1.0	1.0	0.75	1.0	0.4	1.0	1.0	1.0	0.785714286	1.0	0.7	0.921052632	0.666666667
CKYS	0.542857143	1.0	0.457142857	0.785714286	0.457142857	1.0	0	0.975609756	1.0	0.44444444400000005	1.0	0.457142857	0.978723404	0.895833333	1.0	1.0	1.0	0.983050847	0.983870968	1.0	1.0	1.0	1.0	1.0	0.513513514	0.986842105	0.516129032	0.44444444400000005	1.0	1.0	0.868852459	1.0	0.975	1.0	1.0	1.0	0.973684211	0.4	0.428571429	1.0	1.0	1.0	0.977272727	1.0	1.0	0.977272727	1.0	1.0	1.0	1.0	0.983050847	1.0	1.0	1.0	1.0	1.0	1.0	1.0	1.0	0.983050847	1.0	0.4	0.975	0.971428571	1.0	1.0	1.0	1.0	1.0	1.0	1.0	1.0	1.0	1.0	1.0	1.0	1.0	0.5277777779999999	1.0	0.44444444400000005	1.0	0.983870968	1.0
CLSU	0.976190476	0.95	0.977777778	0.951219512	0.977777778	1.0	0.975609756	0	0.942857143	0.96969697	1.0	0.977777778	0.974358974	0.953488372	0.947368421	0.96875	0.965517241	0.93877551	0.942307692	0.95	0.95	0.95	0.95	0.95	0.955555556	0.954545455	0.944444444	0.956521739	0.947368421	0.970588235	0.966101695	0.9375	1.0	0.95	1.0	0.964285714	0.966666667	0.956521739	0.955555556	0.967741935	0.965517241	0.965517241	0.972222222	0.923076923	0.96	0.972222222	0.965517241	0.96	0.96	0.972972973	0.93877551	1.0	0.96875	0.967741935	0.961538462	0.965517241	0.96969697	0.967741935	0.966666667	0.93877551	0.947368421	0.956521739	1.0	1.0	0.975	0.948717949	1.0	0.972972973	1.0	0.966666667	0.666666667	1.0	0.964285714	0.625	1.0	0.967741935	0.565217391	0.977272727	0.966666667	0.956521739	0.961538462	0.942307692	1.0
CPBS	1.0	0.333333333	1.0	0.977777778	1.0	0.904761905	1.0	0.942857143	0	1.0	0.923076923	1.0	1.0	0.978723404	1.0	0.909090909	0.935483871	0.69047619	0.711111111	0.956521739	1.0	1.0	1.0	1.0	0.979591837	0.956521739	0.975	0.98	0.904761905	0.986111111	0.984126984	0.7142857140000001	0.941176471	0.956521739	1.0	0.896551724	0.903225806	0.98	0.979591837	0.939393939	0.96875	0.935483871	0.947368421	0.815789474	0.925925926	0.947368421	0.935483871	0.925925926	0.964285714	0.948717949	0.69047619	0.928571429	0.941176471	1.0	0.928571429	0.96875	0.942857143	1.0	0.903225806	0.69047619	0.868421053	0.98	0.971428571	0.931034483	0.9	0.307692308	0.931034483	0.6333333329999999	1.0	0.9375	0.973684211	1.0	0.933333333	0.971428571	0.913043478	1.0	0.971428571	1.0	0.903225806	0.98	0.928571429	0.711111111	0.925925926
CPDJ	0.566666667	1.0	0.5625	0.771428571	0.5625	1.0	0.44444444400000005	0.96969697	1.0	0	1.0	0.606060606	0.974358974	0.875	1.0	1.0	1.0	1.0	1.0	1.0	1.0	1.0	1.0	1.0	0.657142857	0.985294118	0.416666667	0.588235294	1.0	1.0	0.8703703700000001	1.0	0.96875	1.0	1.0	1.0	0.966666667	0.545454545	0.53125	1.0	1.0	1.0	0.972222222	1.0	1.0	0.972222222	1.0	1.0	1.0	1.0	1.0	1.0	1.0	1.0	1.0	1.0	1.0	1.0	1.0	1.0	1.0	0.545454545	0.96875	0.962962963	1.0	1.0	1.0	1.0	1.0	1.0	1.0	1.0	1.0	1.0	1.0	1.0	1.0	0.636363636	1.0	0.588235294	1.0	1.0	1.0
CPKH	1.0	0.935483871	1.0	1.0	1.0	0.625	1.0	1.0	0.923076923	1.0	0	1.0	1.0	1.0	1.0	0.8	0.764705882	0.925	0.904761905	1.0	1.0	1.0	1.0	1.0	1.0	0.909090909	1.0	1.0	0.9	0.966101695	1.0	0.923076923	0.8	1.0	1.0	0.75	0.625	1.0	1.0	0.7894736840000001	0.833333333	0.764705882	0.833333333	0.9	0.692307692	0.833333333	0.764705882	0.785714286	0.785714286	0.791666667	0.925	0.8	0.8	1.0	0.7142857140000001	0.833333333	0.75	1.0	0.625	0.925	0.807692308	1.0	0.857142857	0.733333333	0.857142857	0.933333333	0.8125	0.884615385	1.0	0.705882353	1.0	1.0	0.666666667	1.0	0.375	1.0	1.0	1.0	0.625	1.0	0.8	0.904761905	0.454545455
CSJH01	0.333333333	1.0	0.12903225799999996	0.804347826	0.12903225799999996	1.0	0.457142857	0.977777778	1.0	0.606060606	1.0	0	0.980392157	0.903846154	1.0	1.0	1.0	0.984126984	0.984848485	1.0	1.0	1.0	1.0	1.0	0.15625	0.9875	0.6486486490000001	0.235294118	1.0	0.987654321	0.876923077	1.0	1.0	1.0	1.0	1.0	1.0	0.181818182	0.212121212	1.0	1.0	1.0	1.0	1.0	1.0	1.0	1.0	1.0	1.0	1.0	0.984126984	1.0	1.0	1.0	1.0	1.0	1.0	1.0	1.0	0.984126984	1.0	0.181818182	1.0	1.0	1.0	1.0	1.0	1.0	1.0	1.0	1.0	1.0	1.0	1.0	1.0	1.0	1.0	0.09999999999999998	1.0	0.235294118	1.0	0.984848485	1.0
CSJH02	0.979166667	1.0	0.980392157	0.979166667	0.980392157	1.0	0.978723404	0.974358974	1.0	0.974358974	1.0	0.980392157	0	0.98	1.0	1.0	1.0	1.0	1.0	1.0	1.0	1.0	1.0	1.0	0.980769231	0.986486486	0.976744186	0.981132075	1.0	0.986666667	1.0	1.0	1.0	1.0	1.0	1.0	1.0	0.981132075	0.980769231	1.0	1.0	1.0	1.0	1.0	1.0	1.0	1.0	1.0	1.0	1.0	1.0	1.0	1.0	1.0	1.0	1.0	1.0	1.0	1.0	1.0	1.0	0.981132075	1.0	1.0	1.0	1.0	1.0	1.0	1.0	1.0	1.0	1.0	1.0	1.0	1.0	1.0	1.0	0.98	1.0	0.981132075	1.0	1.0	1.0
CSUH	0.897959184	0.980769231	0.903846154	0.41176470600000004	0.903846154	1.0	0.895833333	0.953488372	0.978723404	0.875	1.0	0.903846154	0.98	0	1.0	1.0	1.0	0.983870968	0.984615385	1.0	1.0	1.0	1.0	1.0	0.884615385	0.961038961	0.886363636	0.886792453	1.0	0.9875	0.925373134	0.983606557	1.0	1.0	1.0	0.974358974	1.0	0.886792453	0.884615385	1.0	1.0	1.0	1.0	0.980769231	1.0	1.0	1.0	1.0	1.0	0.979166667	0.983870968	1.0	1.0	0.976190476	1.0	1.0	1.0	0.976190476	1.0	0.983870968	0.98	0.886792453	1.0	1.0	1.0	0.980392157	0.973684211	0.979166667	1.0	1.0	0.955555556	1.0	1.0	0.952380952	1.0	0.976190476	0.976744186	0.901960784	1.0	0.886792453	1.0	0.984615385	1.0
EAHN	1.0	1.0	1.0	1.0	1.0	1.0	1.0	0.947368421	1.0	1.0	1.0	1.0	1.0	1.0	0	1.0	1.0	1.0	1.0	0.833333333	0.25	0.25	0.25	0.25	1.0	0.981481481	1.0	1.0	1.0	1.0	1.0	1.0	1.0	0.833333333	1.0	1.0	1.0	1.0	1.0	1.0	1.0	1.0	1.0	1.0	1.0	1.0	1.0	1.0	1.0	1.0	1.0	1.0	1.0	0.941176471	1.0	1.0	1.0	0.941176471	1.0	1.0	1.0	1.0	1.0	1.0	1.0	1.0	1.0	1.0	0.666666667	1.0	0.952380952	1.0	1.0	0.944444444	1.0	0.941176471	0.944444444	1.0	1.0	1.0	1.0	1.0	1.0
EJUN01	1.0	0.921052632	1.0	1.0	1.0	0.8125	1.0	0.96875	0.909090909	1.0	0.8	1.0	1.0	1.0	1.0	0	0.681818182	0.813953488	0.826086957	1.0	1.0	1.0	1.0	1.0	1.0	0.8666666670000001	0.942857143	1.0	0.944444444	0.921875	1.0	0.80952381	0.769230769	1.0	1.0	0.833333333	0.571428571	1.0	1.0	0.6521739129999999	0.739130435	0.681818182	0.75862069	0.828571429	0.529411765	0.75862069	0.681818182	0.684210526	0.684210526	0.678571429	0.813953488	0.761904762	0.666666667	1.0	0.470588235	0.739130435	0.6799999999999999	1.0	0.636363636	0.813953488	0.741935484	1.0	0.814814815	0.7142857140000001	0.918918919	0.918918919	0.826086957	0.911764706	1.0	0.75	0.939393939	1.0	0.666666667	0.967741935	0.764705882	1.0	0.933333333	1.0	0.636363636	1.0	0.5555555560000001	0.826086957	0.75
EJUN02	1.0	0.944444444	1.0	1.0	1.0	0.769230769	1.0	0.965517241	0.935483871	1.0	0.764705882	1.0	1.0	1.0	1.0	0.681818182	0	0.857142857	0.8666666670000001	1.0	1.0	1.0	1.0	1.0	1.0	0.8793103449999999	0.9375	1.0	0.933333333	0.935483871	1.0	0.853658537	0.791666667	1.0	1.0	0.80952381	0.5	1.0	1.0	0.666666667	0.14285714299999996	0.14285714299999996	0.6799999999999999	0.848484848	0.428571429	0.6799999999999999	0.0	0.625	0.5333333330000001	0.692307692	0.857142857	0.85	0.681818182	1.0	0.46666666700000003	0.14285714299999996	0.695652174	1.0	0.3125	0.857142857	0.7142857140000001	1.0	0.84	0.736842105	0.911764706	0.942857143	0.857142857	0.903225806	1.0	0.65	0.933333333	1.0	0.611111111	0.964285714	0.7142857140000001	1.0	0.925925926	1.0	0.578947368	1.0	0.5625	0.8666666670000001	0.625
EJUN03	0.983333333	0.571428571	0.984126984	0.966101695	0.984126984	0.914285714	0.983050847	0.93877551	0.69047619	1.0	0.925	0.984126984	1.0	0.983870968	1.0	0.813953488	0.857142857	0	0.17500000000000004	1.0	1.0	1.0	1.0	1.0	0.968253968	0.925925926	0.943396226	0.96875	0.972972973	0.926829268	0.974025974	0.08333333300000001	0.9375	1.0	1.0	0.9069767440000001	0.833333333	0.96875	0.968253968	0.80952381	0.88372093	0.857142857	0.9	0.823529412	0.810810811	0.87755102	0.857142857	0.777777778	0.9	0.833333333	0.0	0.875	0.813953488	1.0	0.783783784	0.88372093	0.818181818	1.0	0.860465116	0.0	0.862745098	0.96875	0.959183673	0.930232558	0.927272727	0.525	0.930232558	0.666666667	1.0	0.860465116	0.92	1.0	0.825	0.9375	0.918918919	1.0	0.914893617	0.983870968	0.860465116	0.96875	0.783783784	0.17500000000000004	0.926829268
EJUN04	0.984126984	0.6	0.984848485	0.967741935	0.984848485	0.921052632	0.983870968	0.942307692	0.711111111	1.0	0.904761905	0.984848485	1.0	0.984615385	1.0	0.826086957	0.8666666670000001	0.17500000000000004	0	1.0	1.0	1.0	1.0	1.0	0.96969697	0.915662651	0.946428571	0.970149254	0.975	0.929411765	0.975	0.24390243899999997	0.941176471	1.0	1.0	0.913043478	0.790697674	0.970149254	0.96969697	0.8478260870000001	0.891304348	0.8666666670000001	0.925925926	0.833333333	0.853658537	0.905660377	0.8666666670000001	0.825	0.9069767440000001	0.843137255	0.17500000000000004	0.88372093	0.85106383	1.0	0.8292682929999999	0.891304348	0.829787234	1.0	0.818181818	0.17500000000000004	0.849056604	0.970149254	0.961538462	0.934782609	0.912280702	0.558139535	0.934782609	0.688888889	1.0	0.893617021	0.924528302	1.0	0.863636364	0.941176471	0.925	1.0	0.92	0.984615385	0.844444444	0.970149254	0.8292682929999999	0.0	0.880952381
ESEL01	1.0	0.964285714	1.0	1.0	1.0	1.0	1.0	0.95	0.956521739	1.0	1.0	1.0	1.0	1.0	0.833333333	1.0	1.0	1.0	1.0	0	0.857142857	0.857142857	0.857142857	0.857142857	1.0	1.0	1.0	1.0	0.833333333	1.0	1.0	1.0	1.0	0.0	1.0	1.0	1.0	1.0	1.0	1.0	1.0	1.0	1.0	0.964285714	1.0	1.0	1.0	1.0	1.0	1.0	1.0	1.0	1.0	1.0	1.0	1.0	1.0	1.0	1.0	1.0	1.0	1.0	1.0	1.0	0.962962963	0.962962963	1.0	1.0	0.75	1.0	1.0	1.0	1.0	1.0	1.0	1.0	1.0	1.0	1.0	1.0	1.0	1.0	1.0
ESEL02	1.0	1.0	1.0	1.0	1.0	1.0	1.0	0.95	1.0	1.0	1.0	1.0	1.0	1.0	0.25	1.0	1.0	1.0	1.0	0.857142857	0	0.0	0.0	0.0	1.0	0.981818182	1.0	1.0	1.0	1.0	1.0	1.0	1.0	0.857142857	1.0	1.0	1.0	1.0	1.0	1.0	1.0	1.0	1.0	1.0	1.0	1.0	1.0	1.0	1.0	1.0	1.0	1.0	1.0	0.944444444	1.0	1.0	1.0	0.944444444	1.0	1.0	1.0	1.0	0.947368421	1.0	1.0	1.0	1.0	1.0	0.75	1.0	0.954545455	1.0	1.0	0.947368421	1.0	0.944444444	0.947368421	1.0	1.0	1.0	1.0	1.0	1.0
ESEL03	1.0	1.0	1.0	1.0	1.0	1.0	1.0	0.95	1.0	1.0	1.0	1.0	1.0	1.0	0.25	1.0	1.0	1.0	1.0	0.857142857	0.0	0	0.0	0.0	1.0	0.981818182	1.0	1.0	1.0	1.0	1.0	1.0	1.0	0.857142857	1.0	1.0	1.0	1.0	1.0	1.0	1.0	1.0	1.0	1.0	1.0	1.0	1.0	1.0	1.0	1.0	1.0	1.0	1.0	0.944444444	1.0	1.0	1.0	0.944444444	1.0	1.0	1.0	1.0	0.947368421	1.0	1.0	1.0	1.0	1.0	0.75	1.0	0.954545455	1.0	1.0	0.947368421	1.0	0.944444444	0.947368421	1.0	1.0	1.0	1.0	1.0	1.0
ESEL04	1.0	1.0	1.0	1.0	1.0	1.0	1.0	0.95	1.0	1.0	1.0	1.0	1.0	1.0	0.25	1.0	1.0	1.0	1.0	0.857142857	0.0	0.0	0	0.0	1.0	0.981818182	1.0	1.0	1.0	1.0	1.0	1.0	1.0	0.857142857	1.0	1.0	1.0	1.0	1.0	1.0	1.0	1.0	1.0	1.0	1.0	1.0	1.0	1.0	1.0	1.0	1.0	1.0	1.0	0.944444444	1.0	1.0	1.0	0.944444444	1.0	1.0	1.0	1.0	0.947368421	1.0	1.0	1.0	1.0	1.0	0.75	1.0	0.954545455	1.0	1.0	0.947368421	1.0	0.944444444	0.947368421	1.0	1.0	1.0	1.0	1.0	1.0
ESEL05	1.0	1.0	1.0	1.0	1.0	1.0	1.0	0.95	1.0	1.0	1.0	1.0	1.0	1.0	0.25	1.0	1.0	1.0	1.0	0.857142857	0.0	0.0	0.0	0	1.0	0.981818182	1.0	1.0	1.0	1.0	1.0	1.0	1.0	0.857142857	1.0	1.0	1.0	1.0	1.0	1.0	1.0	1.0	1.0	1.0	1.0	1.0	1.0	1.0	1.0	1.0	1.0	1.0	1.0	0.944444444	1.0	1.0	1.0	0.944444444	1.0	1.0	1.0	1.0	0.947368421	1.0	1.0	1.0	1.0	1.0	0.75	1.0	0.954545455	1.0	1.0	0.947368421	1.0	0.944444444	0.947368421	1.0	1.0	1.0	1.0	1.0	1.0
PBKS	0.44444444400000005	0.981481481	0.264705882	0.808510638	0.264705882	1.0	0.513513514	0.955555556	0.979591837	0.657142857	1.0	0.15625	0.980769231	0.884615385	1.0	1.0	1.0	0.968253968	0.96969697	1.0	1.0	1.0	1.0	1.0	0	0.987654321	0.657894737	0.09375	1.0	0.975308642	0.861538462	0.984126984	1.0	1.0	1.0	0.975609756	1.0	0.151515152	0.181818182	1.0	1.0	1.0	1.0	0.981481481	1.0	1.0	1.0	1.0	1.0	1.0	0.968253968	1.0	1.0	1.0	1.0	1.0	1.0	1.0	1.0	0.968253968	0.980769231	0.151515152	1.0	1.0	1.0	0.981132075	1.0	0.98	1.0	1.0	0.979166667	1.0	1.0	0.977777778	1.0	1.0	0.977777778	0.12903225799999996	1.0	0.09375	1.0	0.96969697	1.0
PCMS	0.987012987	0.959459459	0.9875	0.96	0.9875	0.942307692	0.986842105	0.954545455	0.956521739	0.985294118	0.909090909	0.9875	0.986486486	0.961038961	0.981481481	0.8666666670000001	0.8793103449999999	0.925925926	0.915662651	1.0	0.981818182	0.981818182	0.981818182	0.981818182	0.987654321	0	0.957142857	0.987804878	0.981481481	0.939393939	1.0	0.925	0.9375	1.0	1.0	0.896551724	0.842105263	0.987804878	0.987654321	0.901639344	0.8983050850000001	0.8793103449999999	0.909090909	0.884057971	0.890909091	0.892307692	0.8793103449999999	0.910714286	0.890909091	0.876923077	0.925925926	0.931034483	0.903225806	0.984848485	0.892857143	0.8983050850000001	0.85	0.984848485	0.842105263	0.925925926	0.828125	0.987804878	0.9538461540000001	0.93220339	0.914285714	0.95890411	0.9137931029999999	0.957142857	1.0	0.9	0.940298507	1.0	0.896551724	0.96969697	0.924528302	0.984848485	0.9538461540000001	0.987341772	0.821428571	0.987804878	0.912280702	0.915662651	0.910714286
PDCS	0.617647059	0.977777778	0.611111111	0.7948717949999999	0.611111111	1.0	0.516129032	0.944444444	0.975	0.416666667	1.0	0.6486486490000001	0.976744186	0.886363636	1.0	0.942857143	0.9375	0.943396226	0.946428571	1.0	1.0	1.0	1.0	1.0	0.657894737	0.957142857	0	0.594594595	1.0	0.972222222	0.859649123	0.962264151	0.972222222	1.0	1.0	1.0	0.90625	0.594594595	0.583333333	0.941176471	0.9375	0.9375	0.948717949	0.930232558	0.928571429	0.921052632	0.9375	0.928571429	0.928571429	0.95	0.943396226	1.0	0.942857143	1.0	0.931034483	0.9375	0.944444444	1.0	0.939393939	0.943396226	0.926829268	0.594594595	0.972222222	0.967741935	0.977272727	0.977272727	1.0	0.975609756	1.0	0.939393939	0.947368421	1.0	0.935483871	0.972222222	1.0	1.0	0.942857143	0.638888889	0.939393939	0.594594595	0.931034483	0.946428571	1.0
PDSS	0.45945945899999996	0.981818182	0.235294118	0.8125	0.235294118	1.0	0.44444444400000005	0.956521739	0.98	0.588235294	1.0	0.235294118	0.981132075	0.886792453	1.0	1.0	1.0	0.96875	0.970149254	1.0	1.0	1.0	1.0	1.0	0.09375	0.987804878	0.594594595	0	1.0	0.975609756	0.863636364	0.984375	0.97826087	1.0	1.0	0.976190476	0.977272727	0.0625	0.09375	1.0	1.0	1.0	0.98	0.981818182	1.0	0.98	1.0	1.0	1.0	1.0	0.96875	1.0	1.0	1.0	1.0	1.0	1.0	1.0	1.0	0.96875	0.981132075	0.0625	0.97826087	0.975609756	1.0	0.981481481	1.0	0.980392157	1.0	1.0	0.979591837	1.0	1.0	0.97826087	1.0	1.0	0.97826087	0.212121212	1.0	0.0	1.0	0.970149254	1.0
PHDS02	1.0	0.923076923	1.0	1.0	1.0	0.8	1.0	0.947368421	0.904761905	1.0	0.9	1.0	1.0	1.0	1.0	0.944444444	0.933333333	0.972972973	0.975	0.833333333	1.0	1.0	1.0	1.0	1.0	0.981481481	1.0	1.0	0	1.0	1.0	0.972222222	0.944444444	0.833333333	1.0	0.928571429	0.9375	1.0	1.0	0.941176471	0.933333333	0.933333333	0.954545455	0.923076923	0.909090909	0.954545455	0.933333333	0.909090909	0.909090909	0.956521739	0.972972973	0.916666667	0.944444444	1.0	0.916666667	0.933333333	0.947368421	1.0	0.9375	0.972972973	0.96	1.0	1.0	0.923076923	0.92	0.92	0.923076923	0.956521739	1.0	0.9375	1.0	1.0	0.928571429	1.0	0.857142857	1.0	1.0	1.0	0.9375	1.0	0.916666667	0.975	0.909090909
PJSS	0.987179487	0.987012987	0.987654321	0.987179487	0.987654321	1.0	1.0	0.970588235	0.986111111	1.0	0.966101695	0.987654321	0.986666667	0.9875	1.0	0.921875	0.935483871	0.926829268	0.929411765	1.0	1.0	1.0	1.0	1.0	0.975308642	0.939393939	0.972222222	0.975609756	1.0	0	0.978947368	0.925925926	0.970149254	1.0	1.0	0.968253968	0.919354839	0.975609756	0.975308642	0.885245902	0.935483871	0.935483871	0.942028986	0.96	0.912280702	0.910447761	0.935483871	0.931034483	0.949152542	0.8955223880000001	0.926829268	0.967213115	0.904761905	1.0	0.894736842	0.935483871	0.8709677419999999	1.0	0.936507937	0.926829268	0.929577465	0.975609756	0.970149254	0.967741935	0.986842105	0.986842105	0.984126984	0.98630137	1.0	0.936507937	0.956521739	1.0	0.916666667	0.970149254	0.98245614	1.0	0.954545455	0.9875	0.936507937	0.975609756	0.9137931029999999	0.929411765	0.966666667
PSCS	0.8524590160000001	0.985294118	0.876923077	0.888888889	0.876923077	1.0	0.868852459	0.966101695	0.984126984	0.8703703700000001	1.0	0.876923077	1.0	0.925373134	1.0	1.0	1.0	0.974025974	0.975	1.0	1.0	1.0	1.0	1.0	0.861538462	1.0	0.859649123	0.863636364	1.0	0.978947368	0	0.987012987	1.0	1.0	1.0	0.981818182	1.0	0.863636364	0.861538462	0.982758621	1.0	1.0	1.0	0.985294118	1.0	1.0	1.0	1.0	1.0	1.0	0.974025974	1.0	1.0	0.982758621	1.0	1.0	1.0	0.982758621	1.0	0.974025974	0.984848485	0.863636364	1.0	1.0	0.985074627	0.985074627	1.0	0.984375	1.0	1.0	0.967213115	1.0	1.0	0.965517241	1.0	0.982758621	0.965517241	0.875	1.0	0.863636364	1.0	0.975	1.0
SCJM	1.0	0.595238095	1.0	0.983050847	1.0	0.911764706	1.0	0.9375	0.7142857140000001	1.0	0.923076923	1.0	1.0	0.983606557	1.0	0.80952381	0.853658537	0.08333333300000001	0.24390243899999997	1.0	1.0	1.0	1.0	1.0	0.984126984	0.925	0.962264151	0.984375	0.972222222	0.925925926	0.987012987	0	0.936170213	1.0	1.0	0.904761905	0.8292682929999999	0.984375	0.984126984	0.804878049	0.880952381	0.853658537	0.897959184	0.8200000000000001	0.8055555560000001	0.875	0.853658537	0.771428571	0.897435897	0.829787234	0.08333333300000001	0.8717948719999999	0.80952381	1.0	0.777777778	0.880952381	0.813953488	1.0	0.857142857	0.08333333300000001	0.86	0.984375	0.958333333	0.928571429	0.925925926	0.55	0.928571429	0.69047619	1.0	0.857142857	0.918367347	1.0	0.820512821	0.936170213	0.916666667	1.0	0.913043478	1.0	0.857142857	0.984375	0.777777778	0.24390243899999997	0.925
SCNU01	1.0	0.948717949	0.977272727	1.0	0.977272727	0.8125	0.975	1.0	0.941176471	0.96875	0.8	1.0	1.0	1.0	1.0	0.769230769	0.791666667	0.9375	0.941176471	1.0	1.0	1.0	1.0	1.0	1.0	0.9375	0.972222222	0.97826087	0.944444444	0.970149254	1.0	0.936170213	0	1.0	1.0	0.833333333	0.75	0.97826087	0.977777778	0.708333333	0.84	0.791666667	0.363636364	0.921052632	0.75	0.5	0.791666667	0.863636364	0.80952381	0.84375	0.9375	0.869565217	0.857142857	1.0	0.761904762	0.84	0.862068966	1.0	0.8	0.9375	0.852941176	0.97826087	0.22222222199999997	0.3125	0.888888889	0.947368421	0.875	0.911764706	1.0	0.695652174	1.0	1.0	0.833333333	1.0	0.764705882	1.0	1.0	1.0	0.8	0.97826087	0.818181818	0.941176471	0.75
SCNU02	1.0	0.964285714	1.0	1.0	1.0	1.0	1.0	0.95	0.956521739	1.0	1.0	1.0	1.0	1.0	0.833333333	1.0	1.0	1.0	1.0	0.0	0.857142857	0.857142857	0.857142857	0.857142857	1.0	1.0	1.0	1.0	0.833333333	1.0	1.0	1.0	1.0	0	1.0	1.0	1.0	1.0	1.0	1.0	1.0	1.0	1.0	0.964285714	1.0	1.0	1.0	1.0	1.0	1.0	1.0	1.0	1.0	1.0	1.0	1.0	1.0	1.0	1.0	1.0	1.0	1.0	1.0	1.0	0.962962963	0.962962963	1.0	1.0	0.75	1.0	1.0	1.0	1.0	1.0	1.0	1.0	1.0	1.0	1.0	1.0	1.0	1.0	1.0
SHYP02	1.0	1.0	1.0	1.0	1.0	1.0	1.0	1.0	1.0	1.0	1.0	1.0	1.0	1.0	1.0	1.0	1.0	1.0	1.0	1.0	1.0	1.0	1.0	1.0	1.0	1.0	1.0	1.0	1.0	1.0	1.0	1.0	1.0	1.0	0	1.0	1.0	1.0	1.0	1.0	1.0	1.0	1.0	1.0	1.0	1.0	1.0	1.0	1.0	1.0	1.0	1.0	0.888888889	1.0	1.0	1.0	1.0	1.0	1.0	1.0	1.0	1.0	1.0	1.0	1.0	1.0	1.0	1.0	1.0	1.0	1.0	0.25	1.0	1.0	1.0	1.0	1.0	1.0	1.0	1.0	1.0	1.0	1.0
SISL	1.0	0.911764706	1.0	0.972972973	1.0	0.75	1.0	0.964285714	0.896551724	1.0	0.75	1.0	1.0	0.974358974	1.0	0.833333333	0.80952381	0.9069767440000001	0.913043478	1.0	1.0	1.0	1.0	1.0	0.975609756	0.896551724	1.0	0.976190476	0.928571429	0.968253968	0.981818182	0.904761905	0.833333333	1.0	1.0	0	0.818181818	0.976190476	0.975609756	0.826086957	0.863636364	0.80952381	0.857142857	0.766666667	0.764705882	0.769230769	0.80952381	0.833333333	0.833333333	0.821428571	0.9069767440000001	0.777777778	0.727272727	1.0	0.777777778	0.863636364	0.681818182	1.0	0.818181818	0.9069767440000001	0.703703704	0.976190476	0.88	0.7894736840000001	0.8	0.909090909	0.85	0.862068966	1.0	0.7	0.966666667	1.0	0.8	0.962962963	0.692307692	1.0	0.962962963	1.0	0.631578947	0.976190476	0.842105263	0.913043478	0.764705882
SKDU01	1.0	0.916666667	0.976190476	1.0	0.976190476	0.785714286	0.973684211	0.966666667	0.903225806	0.966666667	0.625	1.0	1.0	1.0	1.0	0.571428571	0.5	0.833333333	0.790697674	1.0	1.0	1.0	1.0	1.0	1.0	0.842105263	0.90625	0.977272727	0.9375	0.919354839	1.0	0.8292682929999999	0.75	1.0	1.0	0.818181818	0	0.977272727	0.976744186	0.681818182	0.578947368	0.5	0.692307692	0.818181818	0.5625	0.692307692	0.5	0.7222222220000001	0.5625	0.653846154	0.833333333	0.8	0.695652174	1.0	0.5	0.578947368	0.6521739129999999	1.0	0.25	0.833333333	0.6296296299999999	0.977272727	0.8	0.684210526	0.882352941	0.914285714	0.863636364	0.90625	1.0	0.727272727	0.935483871	1.0	0.7	0.965517241	0.733333333	1.0	0.928571429	1.0	0.35294117599999997	0.977272727	0.588235294	0.790697674	0.46666666700000003
SKDU06	0.416666667	0.981818182	0.181818182	0.787234043	0.181818182	1.0	0.4	0.956521739	0.98	0.545454545	1.0	0.181818182	0.981132075	0.886792453	1.0	1.0	1.0	0.96875	0.970149254	1.0	1.0	1.0	1.0	1.0	0.151515152	0.987804878	0.594594595	0.0625	1.0	0.975609756	0.863636364	0.984375	0.97826087	1.0	1.0	0.976190476	0.977272727	0	0.03225806499999995	1.0	1.0	1.0	0.98	0.981818182	1.0	0.98	1.0	1.0	1.0	1.0	0.96875	1.0	1.0	1.0	1.0	1.0	1.0	1.0	1.0	0.96875	0.981132075	0.0	0.97826087	0.975609756	1.0	0.981481481	1.0	0.980392157	1.0	1.0	0.979591837	1.0	1.0	0.97826087	1.0	1.0	0.97826087	0.264705882	1.0	0.0625	1.0	0.970149254	1.0
SKDU07	0.4	0.981481481	0.15625	0.782608696	0.15625	1.0	0.428571429	0.955555556	0.979591837	0.53125	1.0	0.212121212	0.980769231	0.884615385	1.0	1.0	1.0	0.968253968	0.96969697	1.0	1.0	1.0	1.0	1.0	0.181818182	0.987654321	0.583333333	0.09375	1.0	0.975308642	0.861538462	0.984126984	0.977777778	1.0	1.0	0.975609756	0.976744186	0.03225806499999995	0	1.0	1.0	1.0	0.979591837	0.981481481	1.0	0.979591837	1.0	1.0	1.0	1.0	0.968253968	1.0	1.0	1.0	1.0	1.0	1.0	1.0	1.0	0.968253968	0.980769231	0.03225806499999995	0.977777778	0.975	1.0	0.981132075	1.0	0.98	1.0	1.0	0.979166667	1.0	1.0	0.977777778	1.0	1.0	0.977777778	0.242424242	1.0	0.09375	1.0	0.96969697	1.0
SKDU10	1.0	0.947368421	1.0	1.0	1.0	0.8	1.0	0.967741935	0.939393939	1.0	0.7894736840000001	1.0	1.0	1.0	1.0	0.6521739129999999	0.666666667	0.80952381	0.8478260870000001	1.0	1.0	1.0	1.0	1.0	1.0	0.901639344	0.941176471	1.0	0.941176471	0.885245902	0.982758621	0.804878049	0.708333333	1.0	1.0	0.826086957	0.681818182	1.0	1.0	0	0.727272727	0.666666667	0.703703704	0.857142857	0.5	0.6	0.666666667	0.588235294	0.736842105	0.666666667	0.80952381	0.75	0.590909091	1.0	0.4375	0.727272727	0.545454545	1.0	0.739130435	0.80952381	0.8125	1.0	0.76	0.818181818	0.852941176	0.945945946	0.869565217	0.909090909	1.0	0.619047619	0.9375	1.0	0.578947368	0.966666667	0.75	1.0	0.931034483	1.0	0.739130435	1.0	0.529411765	0.8478260870000001	0.8
SKIK	1.0	0.972972973	1.0	1.0	1.0	0.857142857	1.0	0.965517241	0.96875	1.0	0.833333333	1.0	1.0	1.0	1.0	0.739130435	0.14285714299999996	0.88372093	0.891304348	1.0	1.0	1.0	1.0	1.0	1.0	0.8983050850000001	0.9375	1.0	0.933333333	0.935483871	1.0	0.880952381	0.84	1.0	1.0	0.863636364	0.578947368	1.0	1.0	0.727272727	0	0.26666666699999997	0.730769231	0.882352941	0.5333333330000001	0.730769231	0.14285714299999996	0.705882353	0.5333333330000001	0.740740741	0.88372093	0.904761905	0.739130435	1.0	0.5625	0.0	0.75	1.0	0.41176470600000004	0.88372093	0.75862069	1.0	0.884615385	0.8	0.942857143	0.972222222	0.909090909	0.9375	1.0	0.7142857140000001	0.933333333	1.0	0.684210526	0.964285714	0.8	1.0	0.925925926	1.0	0.65	1.0	0.6470588239999999	0.891304348	0.705882353
SKJC01	1.0	0.944444444	1.0	1.0	1.0	0.769230769	1.0	0.965517241	0.935483871	1.0	0.764705882	1.0	1.0	1.0	1.0	0.681818182	0.14285714299999996	0.857142857	0.8666666670000001	1.0	1.0	1.0	1.0	1.0	1.0	0.8793103449999999	0.9375	1.0	0.933333333	0.935483871	1.0	0.853658537	0.791666667	1.0	1.0	0.80952381	0.5	1.0	1.0	0.666666667	0.26666666699999997	0	0.6799999999999999	0.848484848	0.428571429	0.6799999999999999	0.14285714299999996	0.625	0.5333333330000001	0.692307692	0.857142857	0.85	0.681818182	1.0	0.46666666700000003	0.26666666699999997	0.695652174	1.0	0.3125	0.857142857	0.7142857140000001	1.0	0.84	0.736842105	0.911764706	0.942857143	0.857142857	0.903225806	1.0	0.65	0.933333333	1.0	0.611111111	0.964285714	0.7142857140000001	1.0	0.925925926	1.0	0.578947368	1.0	0.5625	0.8666666670000001	0.625
SKJC02	1.0	0.953488372	0.979166667	1.0	0.979166667	0.85	0.977272727	0.972222222	0.947368421	0.972222222	0.833333333	1.0	1.0	1.0	1.0	0.75862069	0.6799999999999999	0.9	0.925925926	1.0	1.0	1.0	1.0	1.0	1.0	0.909090909	0.948717949	0.98	0.954545455	0.942028986	1.0	0.897959184	0.363636364	1.0	1.0	0.857142857	0.692307692	0.98	0.979591837	0.703703704	0.730769231	0.6799999999999999	0	0.902439024	0.681818182	0.46153846200000004	0.6799999999999999	0.791666667	0.739130435	0.794117647	0.9	0.888888889	0.8	1.0	0.695652174	0.730769231	0.806451613	1.0	0.740740741	0.9	0.8055555560000001	0.98	0.5	0.44999999999999996	0.926829268	0.952380952	0.892857143	0.921052632	1.0	0.740740741	0.973684211	1.0	0.769230769	0.971428571	0.80952381	1.0	0.971428571	1.0	0.740740741	0.98	0.75	0.925925926	0.791666667
SKJC03	1.0	0.863636364	1.0	0.98	1.0	0.88	1.0	0.923076923	0.815789474	1.0	0.9	1.0	1.0	0.980769231	1.0	0.828571429	0.848484848	0.823529412	0.833333333	0.964285714	1.0	1.0	1.0	1.0	0.981481481	0.884057971	0.930232558	0.981818182	0.923076923	0.96	0.985294118	0.8200000000000001	0.921052632	0.964285714	1.0	0.766666667	0.818181818	0.981818182	0.981481481	0.857142857	0.882352941	0.848484848	0.902439024	0	0.827586207	0.815789474	0.848484848	0.827586207	0.8666666670000001	0.85	0.823529412	0.90625	0.794117647	0.974358974	0.833333333	0.882352941	0.727272727	0.974358974	0.818181818	0.823529412	0.5	0.981818182	0.948717949	0.909090909	0.46875	0.833333333	0.909090909	0.820512821	1.0	0.741935484	0.926829268	1.0	0.84375	0.948717949	0.888888889	0.974358974	0.921052632	1.0	0.7	0.981818182	0.833333333	0.833333333	0.903225806
SKJY01	1.0	0.9375	1.0	1.0	1.0	0.666666667	1.0	0.96	0.925925926	1.0	0.692307692	1.0	1.0	1.0	1.0	0.529411765	0.428571429	0.810810811	0.853658537	1.0	1.0	1.0	1.0	1.0	1.0	0.890909091	0.928571429	1.0	0.909090909	0.912280702	1.0	0.8055555560000001	0.75	1.0	1.0	0.764705882	0.5625	1.0	1.0	0.5	0.5333333330000001	0.428571429	0.681818182	0.827586207	0	0.681818182	0.428571429	0.363636364	0.5	0.571428571	0.810810811	0.733333333	0.529411765	1.0	0.09999999999999998	0.5333333330000001	0.5555555560000001	1.0	0.5625	0.810810811	0.72	1.0	0.80952381	0.666666667	0.9	0.935483871	0.823529412	0.888888889	1.0	0.5625	0.923076923	1.0	0.38461538500000003	0.958333333	0.6	1.0	0.913043478	1.0	0.5625	1.0	0.272727273	0.853658537	0.615384615
SKJY02	1.0	0.953488372	0.979166667	1.0	0.979166667	0.85	0.977272727	0.972222222	0.947368421	0.972222222	0.833333333	1.0	1.0	1.0	1.0	0.75862069	0.6799999999999999	0.87755102	0.905660377	1.0	1.0	1.0	1.0	1.0	1.0	0.892307692	0.921052632	0.98	0.954545455	0.910447761	1.0	0.875	0.5	1.0	1.0	0.769230769	0.692307692	0.98	0.979591837	0.6	0.730769231	0.6799999999999999	0.46153846200000004	0.815789474	0.681818182	0	0.6799999999999999	0.739130435	0.739130435	0.794117647	0.87755102	0.888888889	0.666666667	1.0	0.695652174	0.730769231	0.6296296299999999	1.0	0.740740741	0.87755102	0.735294118	0.98	0.615384615	0.523809524	0.842105263	0.952380952	0.892857143	0.921052632	1.0	0.52173913	0.945945946	1.0	0.72	0.971428571	0.80952381	1.0	0.941176471	1.0	0.64	0.98	0.75	0.905660377	0.84
SKKS01	1.0	0.944444444	1.0	1.0	1.0	0.769230769	1.0	0.965517241	0.935483871	1.0	0.764705882	1.0	1.0	1.0	1.0	0.681818182	0.0	0.857142857	0.8666666670000001	1.0	1.0	1.0	1.0	1.0	1.0	0.8793103449999999	0.9375	1.0	0.933333333	0.935483871	1.0	0.853658537	0.791666667	1.0	1.0	0.80952381	0.5	1.0	1.0	0.666666667	0.14285714299999996	0.14285714299999996	0.6799999999999999	0.848484848	0.428571429	0.6799999999999999	0	0.625	0.5333333330000001	0.692307692	0.857142857	0.85	0.681818182	1.0	0.46666666700000003	0.14285714299999996	0.695652174	1.0	0.3125	0.857142857	0.7142857140000001	1.0	0.84	0.736842105	0.911764706	0.942857143	0.857142857	0.903225806	1.0	0.65	0.933333333	1.0	0.611111111	0.964285714	0.7142857140000001	1.0	0.925925926	1.0	0.578947368	1.0	0.5625	0.8666666670000001	0.625
SKKS02	1.0	0.9375	1.0	1.0	1.0	0.666666667	1.0	0.96	0.925925926	1.0	0.785714286	1.0	1.0	1.0	1.0	0.684210526	0.625	0.777777778	0.825	1.0	1.0	1.0	1.0	1.0	1.0	0.910714286	0.928571429	1.0	0.909090909	0.931034483	1.0	0.771428571	0.863636364	1.0	1.0	0.833333333	0.7222222220000001	1.0	1.0	0.588235294	0.705882353	0.625	0.791666667	0.827586207	0.363636364	0.739130435	0.625	0	0.7142857140000001	0.695652174	0.777777778	0.733333333	0.611111111	1.0	0.416666667	0.705882353	0.631578947	1.0	0.7222222220000001	0.777777778	0.814814815	1.0	0.913043478	0.823529412	0.9	0.935483871	0.823529412	0.888888889	1.0	0.6470588239999999	0.923076923	1.0	0.5	0.958333333	0.727272727	1.0	0.913043478	1.0	0.7222222220000001	1.0	0.416666667	0.825	0.8
SKKS03	1.0	0.96969697	1.0	1.0	1.0	0.8	1.0	0.96	0.964285714	1.0	0.785714286	1.0	1.0	1.0	1.0	0.684210526	0.5333333330000001	0.9	0.9069767440000001	1.0	1.0	1.0	1.0	1.0	1.0	0.890909091	0.928571429	1.0	0.909090909	0.949152542	1.0	0.897435897	0.80952381	1.0	1.0	0.833333333	0.5625	1.0	1.0	0.736842105	0.5333333330000001	0.5333333330000001	0.739130435	0.8666666670000001	0.5	0.739130435	0.5333333330000001	0.7142857140000001	0	0.75	0.9	0.882352941	0.75	1.0	0.538461538	0.5333333330000001	0.761904762	1.0	0.5625	0.9	0.72	1.0	0.863636364	0.75	0.935483871	0.96875	0.888888889	0.928571429	1.0	0.7222222220000001	0.923076923	1.0	0.6875	0.958333333	0.727272727	1.0	0.913043478	1.0	0.5625	1.0	0.6428571430000001	0.9069767440000001	0.7142857140000001
SKMU	1.0	0.954545455	1.0	0.97826087	1.0	0.857142857	1.0	0.972972973	0.948717949	1.0	0.791666667	1.0	1.0	0.979166667	1.0	0.678571429	0.692307692	0.833333333	0.843137255	1.0	1.0	1.0	1.0	1.0	1.0	0.876923077	0.95	1.0	0.956521739	0.8955223880000001	1.0	0.829787234	0.84375	1.0	1.0	0.821428571	0.653846154	1.0	1.0	0.666666667	0.740740741	0.692307692	0.794117647	0.85	0.571428571	0.794117647	0.692307692	0.695652174	0.75	0	0.833333333	0.807692308	0.678571429	1.0	0.523809524	0.740740741	0.592592593	1.0	0.703703704	0.833333333	0.7428571429999999	1.0	0.878787879	0.814814815	0.875	0.953488372	0.896551724	0.923076923	1.0	0.75	0.947368421	1.0	0.6799999999999999	0.972222222	0.818181818	1.0	0.942857143	1.0	0.653846154	1.0	0.590909091	0.843137255	0.75
SKNL	0.983333333	0.571428571	0.984126984	0.966101695	0.984126984	0.914285714	0.983050847	0.93877551	0.69047619	1.0	0.925	0.984126984	1.0	0.983870968	1.0	0.813953488	0.857142857	0.0	0.17500000000000004	1.0	1.0	1.0	1.0	1.0	0.968253968	0.925925926	0.943396226	0.96875	0.972972973	0.926829268	0.974025974	0.08333333300000001	0.9375	1.0	1.0	0.9069767440000001	0.833333333	0.96875	0.968253968	0.80952381	0.88372093	0.857142857	0.9	0.823529412	0.810810811	0.87755102	0.857142857	0.777777778	0.9	0.833333333	0	0.875	0.813953488	1.0	0.783783784	0.88372093	0.818181818	1.0	0.860465116	0.0	0.862745098	0.96875	0.959183673	0.930232558	0.927272727	0.525	0.930232558	0.666666667	1.0	0.860465116	0.92	1.0	0.825	0.9375	0.918918919	1.0	0.914893617	0.983870968	0.860465116	0.96875	0.783783784	0.17500000000000004	0.926829268
SKRU01	1.0	0.939393939	1.0	1.0	1.0	0.7	1.0	1.0	0.928571429	1.0	0.8	1.0	1.0	1.0	1.0	0.761904762	0.85	0.875	0.88372093	1.0	1.0	1.0	1.0	1.0	1.0	0.931034483	1.0	1.0	0.916666667	0.967213115	1.0	0.8717948719999999	0.869565217	1.0	1.0	0.777777778	0.8	1.0	1.0	0.75	0.904761905	0.85	0.888888889	0.90625	0.733333333	0.888888889	0.85	0.733333333	0.882352941	0.807692308	0.875	0	0.761904762	1.0	0.666666667	0.904761905	0.772727273	1.0	0.857142857	0.875	0.9	1.0	0.916666667	0.833333333	0.903225806	0.9375	0.833333333	0.892857143	1.0	0.857142857	1.0	1.0	0.777777778	1.0	0.75	1.0	1.0	1.0	0.857142857	1.0	0.666666667	0.88372093	0.8125
SKRU02	1.0	0.948717949	1.0	1.0	1.0	0.8125	1.0	0.96875	0.941176471	1.0	0.8	1.0	1.0	1.0	1.0	0.666666667	0.681818182	0.813953488	0.85106383	1.0	1.0	1.0	1.0	1.0	1.0	0.903225806	0.942857143	1.0	0.944444444	0.904761905	1.0	0.80952381	0.857142857	1.0	0.888888889	0.727272727	0.695652174	1.0	1.0	0.590909091	0.739130435	0.681818182	0.8	0.794117647	0.529411765	0.666666667	0.681818182	0.611111111	0.75	0.678571429	0.813953488	0.761904762	0	1.0	0.470588235	0.739130435	0.5	1.0	0.75	0.813953488	0.741935484	1.0	0.896551724	0.826086957	0.857142857	0.947368421	0.875	0.911764706	1.0	0.571428571	0.939393939	0.882352941	0.6	0.967741935	0.764705882	1.0	0.933333333	1.0	0.636363636	1.0	0.5555555560000001	0.85106383	0.80952381
SKRU03	1.0	1.0	1.0	1.0	1.0	1.0	1.0	0.967741935	1.0	1.0	1.0	1.0	1.0	0.976190476	0.941176471	1.0	1.0	1.0	1.0	1.0	0.944444444	0.944444444	0.944444444	0.944444444	1.0	0.984848485	1.0	1.0	1.0	1.0	0.982758621	1.0	1.0	1.0	1.0	1.0	1.0	1.0	1.0	1.0	1.0	1.0	1.0	0.974358974	1.0	1.0	1.0	1.0	1.0	1.0	1.0	1.0	1.0	0	1.0	1.0	1.0	0.0	1.0	1.0	1.0	1.0	1.0	1.0	1.0	1.0	1.0	1.0	1.0	1.0	0.96969697	1.0	1.0	0.966666667	1.0	0.0	0.966666667	1.0	1.0	1.0	1.0	1.0	1.0
SKSU	1.0	0.939393939	1.0	1.0	1.0	0.7	1.0	0.961538462	0.928571429	1.0	0.7142857140000001	1.0	1.0	1.0	1.0	0.470588235	0.46666666700000003	0.783783784	0.8292682929999999	1.0	1.0	1.0	1.0	1.0	1.0	0.892857143	0.931034483	1.0	0.916666667	0.894736842	1.0	0.777777778	0.761904762	1.0	1.0	0.777777778	0.5	1.0	1.0	0.4375	0.5625	0.46666666700000003	0.695652174	0.833333333	0.09999999999999998	0.695652174	0.46666666700000003	0.416666667	0.538461538	0.523809524	0.783783784	0.666666667	0.470588235	1.0	0	0.5625	0.5	1.0	0.588235294	0.783783784	0.730769231	1.0	0.818181818	0.6875	0.903225806	0.9375	0.833333333	0.892857143	1.0	0.588235294	0.925925926	1.0	0.428571429	0.96	0.636363636	1.0	0.916666667	1.0	0.588235294	1.0	0.181818182	0.8292682929999999	0.6428571430000001
SKYC	1.0	0.972972973	1.0	1.0	1.0	0.857142857	1.0	0.965517241	0.96875	1.0	0.833333333	1.0	1.0	1.0	1.0	0.739130435	0.14285714299999996	0.88372093	0.891304348	1.0	1.0	1.0	1.0	1.0	1.0	0.8983050850000001	0.9375	1.0	0.933333333	0.935483871	1.0	0.880952381	0.84	1.0	1.0	0.863636364	0.578947368	1.0	1.0	0.727272727	0.0	0.26666666699999997	0.730769231	0.882352941	0.5333333330000001	0.730769231	0.14285714299999996	0.705882353	0.5333333330000001	0.740740741	0.88372093	0.904761905	0.739130435	1.0	0.5625	0	0.75	1.0	0.41176470600000004	0.88372093	0.75862069	1.0	0.884615385	0.8	0.942857143	0.972222222	0.909090909	0.9375	1.0	0.7142857140000001	0.933333333	1.0	0.684210526	0.964285714	0.8	1.0	0.925925926	1.0	0.65	1.0	0.6470588239999999	0.891304348	0.705882353
SLMS	1.0	0.95	1.0	1.0	1.0	0.823529412	1.0	0.96969697	0.942857143	1.0	0.75	1.0	1.0	1.0	1.0	0.6799999999999999	0.695652174	0.818181818	0.829787234	1.0	1.0	1.0	1.0	1.0	1.0	0.85	0.944444444	1.0	0.947368421	0.8709677419999999	1.0	0.813953488	0.862068966	1.0	1.0	0.681818182	0.6521739129999999	1.0	1.0	0.545454545	0.75	0.695652174	0.806451613	0.727272727	0.5555555560000001	0.6296296299999999	0.695652174	0.631578947	0.761904762	0.592592593	0.818181818	0.772727273	0.5	1.0	0.5	0.75	0	1.0	0.708333333	0.818181818	0.6206896550000001	1.0	0.9	0.833333333	0.757575758	0.948717949	0.88	0.914285714	1.0	0.590909091	0.941176471	1.0	0.619047619	0.96875	0.777777778	1.0	0.935483871	1.0	0.523809524	1.0	0.578947368	0.829787234	0.761904762
SPSH01	1.0	1.0	1.0	1.0	1.0	1.0	1.0	0.967741935	1.0	1.0	1.0	1.0	1.0	0.976190476	0.941176471	1.0	1.0	1.0	1.0	1.0	0.944444444	0.944444444	0.944444444	0.944444444	1.0	0.984848485	1.0	1.0	1.0	1.0	0.982758621	1.0	1.0	1.0	1.0	1.0	1.0	1.0	1.0	1.0	1.0	1.0	1.0	0.974358974	1.0	1.0	1.0	1.0	1.0	1.0	1.0	1.0	1.0	0.0	1.0	1.0	1.0	0	1.0	1.0	1.0	1.0	1.0	1.0	1.0	1.0	1.0	1.0	1.0	1.0	0.96969697	1.0	1.0	0.966666667	1.0	0.0	0.966666667	1.0	1.0	1.0	1.0	1.0	1.0
SPSH02	1.0	0.916666667	1.0	1.0	1.0	0.785714286	1.0	0.966666667	0.903225806	1.0	0.625	1.0	1.0	1.0	1.0	0.636363636	0.3125	0.860465116	0.818181818	1.0	1.0	1.0	1.0	1.0	1.0	0.842105263	0.939393939	1.0	0.9375	0.936507937	1.0	0.857142857	0.8	1.0	1.0	0.818181818	0.25	1.0	1.0	0.739130435	0.41176470600000004	0.3125	0.740740741	0.818181818	0.5625	0.740740741	0.3125	0.7222222220000001	0.5625	0.703703704	0.860465116	0.857142857	0.75	1.0	0.588235294	0.41176470600000004	0.708333333	1.0	0	0.860465116	0.6296296299999999	1.0	0.846153846	0.75	0.882352941	0.914285714	0.863636364	0.90625	1.0	0.727272727	0.935483871	1.0	0.7	0.965517241	0.733333333	1.0	0.928571429	1.0	0.35294117599999997	1.0	0.666666667	0.818181818	0.46666666700000003
